 0.047891
 0.201426
-0.249317
-0.021147
 0.003580
 0.017567
 0.371388
-0.225749
-0.145639
 0.109037
-0.116397
 0.007360
-0.084331
 0.139747
-0.055416
 0.338275
-0.445419
 0.107143
-0.121064
 0.036113
 0.084951
 0.126221
-0.190236
 0.064015
 0.195709
 0.003804
-0.199513
 0.282046
-0.510786
 0.228740
-0.054265
 0.031049
 0.023216
-0.057213
 0.032558
 0.024656
-0.238985
 0.077307
 0.161678
 0.250289
-0.120557
-0.129732
 0.270855
-0.262074
-0.008782
-0.070944
-0.004199
 0.075143
 0.179805
-0.013250
-0.166555
-0.045593
-0.185350
 0.230943
 0.197422
-0.128366
-0.069056
-0.027579
 0.101215
-0.073636
